import: 4.3164788330032025
run: 34.821073833008995
