import: 3.728383833018597
run: 36.9077455419756
